  -0.6506616 0.5667996 -0.60215527 0.7310352 -1.4166192 -1.1399144 0.16501777 0.8998708 0.4412785 -1.4675169 -0.67132366 -0.42303506 0.275122 1.5352944 -0.42398924 
吃 -0.07092593 0.010957847 0.06333925 0.3316421 0.62227386 -0.1503365 0.50657266 0.0074982797 0.04062506 -0.66005665 -0.14960502 -0.22836973 1.006012 0.44182414 0.24315381 
治疗 -0.14923875 0.13469696 0.06498136 0.30847707 0.7521412 -0.07168966 0.60933083 -0.09739291 0.03999795 -0.7544138 -0.1664007 -0.15630761 1.1337242 0.5309968 0.2227674 
医院 -0.15560122 0.013500208 0.0068958807 0.3477345 0.69213724 -0.20137389 0.6151029 0.03086329 0.05945602 -0.78620386 -0.19102539 -0.2088217 1.1789206 0.52895635 0.29964757 
不 -0.16555008 0.0131843 -0.01852173 0.3603611 0.74261206 -0.18947592 0.70048445 -0.0069318707 0.03489119 -0.7621918 -0.22557236 -0.20911466 1.147247 0.5136835 0.27960482 
会 -0.13973254 -0.017458452 0.0555768 0.33386925 0.68289936 -0.15282962 0.60323024 -0.00686385 -1.4146246e-05 -0.6232972 -0.1364908 -0.23688221 1.0187237 0.41673005 0.24611072 
过敏 -0.19227082 0.15054895 0.036577158 0.31481597 0.8240848 -0.086678274 0.6512692 -0.22756913 -0.03827907 -0.7558785 -0.25230783 -0.12392207 1.135268 0.5194239 0.19919612 
没有 -0.15459341 -0.0047188224 0.05654685 0.30150712 0.72887534 -0.108791105 0.63929814 -0.110161774 -0.006892719 -0.6676704 -0.16327977 -0.17795601 1.1089853 0.50254345 0.2250373 
岁 -0.22123708 0.039815217 -0.047025707 0.29291862 -0.09857985 -0.42032433 0.23087496 0.31044254 0.10698876 -0.65897936 -0.24046536 -0.22295149 0.5415151 0.49481973 -0.047625035 
患者 -0.10546865 0.0015421569 -0.008219819 0.1770896 -0.00233932 -0.25307944 0.13889153 0.18627056 0.06658698 -0.45286697 -0.15236588 -0.1059617 0.40147078 0.35818192 0.009483085 
发病 -0.18082373 0.0099231955 -0.09186937 0.25382042 -0.094205655 -0.40861112 0.28053093 0.37127215 0.121613175 -0.66239715 -0.23764363 -0.22804064 0.56772864 0.5459926 -0.018183114 
现在 -0.16596825 0.0292475 0.04279171 0.30955625 0.63157517 -0.19278507 0.63768584 0.02627746 0.049515795 -0.72968036 -0.19172378 -0.20461485 1.0882087 0.5069901 0.21369861 
病情 -0.22160754 0.033091255 -0.10226104 0.2471833 -0.1289503 -0.4000578 0.2432737 0.34534734 0.12872867 -0.58229756 -0.19635691 -0.17670622 0.5003979 0.5118405 -0.03497193 
说 -0.13931589 -0.035010394 0.027237833 0.33059457 0.68693566 -0.13003859 0.6131927 0.017302157 0.004109434 -0.6948961 -0.17651016 -0.22176056 1.0786767 0.4844139 0.26650867 
时间 -0.23568937 0.037258424 -0.063208066 0.2948453 -0.021820065 -0.4408349 0.31706837 0.37466428 0.16523674 -0.6701997 -0.28147972 -0.18522291 0.5827982 0.5240093 -0.05592595 
情况 -0.18160838 0.17333336 0.039983578 0.20320176 0.55368334 -0.06383549 0.48772562 -0.18339445 -0.019546062 -0.5767918 -0.18934938 -0.079777874 0.81644386 0.39538673 0.078439675 
医生 -0.16483487 0.03136054 -0.020200768 0.4264772 0.83816266 -0.2103469 0.7648622 0.010413416 0.053593766 -0.88252604 -0.20402186 -0.31551352 1.2885274 0.59537655 0.32183293 
月 -0.16146642 0.004618268 -0.039869327 0.40627813 0.64923364 -0.2944877 0.6258552 0.15140565 0.051018216 -0.8141452 -0.2058045 -0.2587795 1.1806284 0.59110636 0.21586601 
描述 -0.20356055 -0.0003871977 -0.11835921 0.19814986 -0.17311569 -0.40336025 0.15655804 0.40025243 0.18121687 -0.56137824 -0.24218737 -0.19329615 0.43630323 0.49697024 -0.08880872 
主要症状 -0.24626358 0.0057951654 -0.0874276 0.2995092 -0.058019247 -0.38512504 0.23996954 0.3333163 0.1398321 -0.6352035 -0.25499007 -0.15451288 0.6167089 0.477471 -0.041748688 
后 -0.12886427 -0.009802905 -0.01580134 0.40278277 0.78565025 -0.21792655 0.7194531 0.01406778 0.080332905 -0.8466587 -0.17780577 -0.21771912 1.3273538 0.55459714 0.26862693 
出现 -0.16384067 -0.013630771 0.01759804 0.30173954 0.5689907 -0.19646901 0.5485631 0.07450824 0.06458028 -0.6453985 -0.16091628 -0.20033622 1.0055964 0.44136316 0.23409916 
帮助 -0.19173399 0.003894039 -0.0037552966 0.24633534 0.66694003 -0.069236904 0.588812 -0.10442688 0.01579978 -0.68978554 -0.21516262 -0.19961153 1.0016518 0.46646398 0.15224837 
信息 -0.15761642 0.039279032 -0.06918326 0.18894452 -0.23131505 -0.3268812 0.13281873 0.2955248 0.101033226 -0.39003 -0.15783091 -0.10193307 0.23827222 0.35309893 -0.044804174 
想得到 -0.11685507 0.00085859234 0.030086828 0.18720764 0.5766779 -0.08394056 0.47130057 -0.028660098 0.028661085 -0.5042683 -0.17642744 -0.14506783 0.8033772 0.39024043 0.14887293 
复发 -0.13511822 -0.010234397 0.03796501 0.34780678 0.7108165 -0.12320332 0.5750291 -0.03842425 0.05336868 -0.7109616 -0.1916049 -0.23205483 1.0667601 0.4403835 0.23879893 
去 -0.10533796 0.007978152 0.018152378 0.32452694 0.67840505 -0.19086362 0.5588917 8.087037e-05 0.031728256 -0.6874406 -0.16370566 -0.24356411 1.0513743 0.4475662 0.22987325 
曾经 -0.1560431 0.11785987 0.01478715 0.17295729 0.47334096 0.0087294085 0.40185025 -0.2008928 0.010387441 -0.4020879 -0.17210197 -0.040330403 0.6322423 0.3038388 0.10134901 
是否 -0.13651505 0.09215488 0.03755397 0.2112522 0.6382505 -0.018129217 0.48368648 -0.23563547 -0.025297988 -0.55875915 -0.16693111 -0.030348007 0.80043006 0.3954581 0.15764403 
检查 -0.09810547 0.015637457 0.031056814 0.30506408 0.6514461 -0.19874413 0.56026137 0.004799892 0.050004806 -0.6856682 -0.16262984 -0.25123608 1.1390606 0.42142096 0.23481034 
史 -0.126475 0.15131314 0.07090773 0.11650066 0.57104623 0.004886909 0.378778 -0.2145863 -0.06483042 -0.47912163 -0.16158578 0.00032618028 0.7417046 0.36815274 0.075090036 
肾炎 -0.07595349 -0.0013416058 -0.01506413 0.17800525 0.37823066 -0.10375519 0.33372372 0.029281683 0.015764074 -0.4658051 -0.14161038 -0.11943355 0.6321609 0.3190815 0.14137562 
上 -0.12557897 -0.010792463 0.031208914 0.29513255 0.6465675 -0.13869245 0.5640287 0.024264514 0.044193786 -0.7098753 -0.12787107 -0.23456655 1.046288 0.48776087 0.2443475 
遗传病 -0.18093272 0.16858242 -0.0012243653 0.16672932 0.46487606 0.0031822321 0.35575938 -0.23464265 -0.042258073 -0.44708383 -0.17080356 -0.019221168 0.65024877 0.34760475 0.05152146 
看 -0.088335015 0.015637396 -0.006391307 0.31168804 0.56960595 -0.11685262 0.5146815 0.020049725 -0.00718046 -0.5938874 -0.1174946 -0.15734142 0.880273 0.37855047 0.2517355 
正常 -0.10368861 0.042162284 -0.02482754 0.3199787 0.62935215 -0.23051526 0.58017695 0.048964433 0.031317063 -0.683431 -0.18521848 -0.26332927 1.0978807 0.50440335 0.24403794 
知道 -0.17810866 0.011295033 0.0050700954 0.3059628 0.5343348 -0.16543704 0.53755355 -0.033340357 0.053654935 -0.5912699 -0.14381936 -0.20785277 0.85906905 0.46024594 0.15555514 
3 -0.15702632 0.01447953 0.013467951 0.3309304 0.6517207 -0.2552363 0.64376205 0.120262 0.03259758 -0.7903532 -0.2157104 -0.23427334 1.22291 0.515257 0.23950677 
症状 -0.13192454 0.033572435 0.02128451 0.25241405 0.52405155 -0.083089694 0.4721802 -0.029813971 0.0090555465 -0.5142468 -0.11550994 -0.12526087 0.78606623 0.38378185 0.17042546 
还 -0.14937656 0.020244068 0.04480448 0.2759229 0.60985506 -0.14878084 0.5582758 0.003635952 0.050037444 -0.6579068 -0.15476616 -0.20003094 1.0277524 0.42401946 0.22636627 
2 -0.13953714 0.026523072 0.051138215 0.34236997 0.80987006 -0.17615938 0.7008346 0.035393305 0.028554635 -0.7771191 -0.20474711 -0.25517067 1.3167193 0.50967586 0.27939752 
药 -0.15358144 0.04663112 -0.013439419 0.3121833 0.61087126 -0.17968701 0.5772583 -0.023342598 0.05790307 -0.65884846 -0.19720335 -0.17539556 0.98942506 0.44742492 0.21670353 
病 -0.17660195 -0.022258515 -0.007306821 0.36039442 0.66943276 -0.17662802 0.62182784 -0.024362179 0.026258182 -0.6733993 -0.14939845 -0.24986073 1.0532924 0.48088762 0.22005165 
女 -0.14873686 0.07739405 -0.10557972 0.11848021 -0.32525912 -0.23801456 -0.024271937 0.293624 0.090910524 -0.2888269 -0.11917696 -0.07464538 0.03836525 0.27249563 -0.07883904 
没 -0.15279204 0.02388908 0.024174284 0.34738085 0.5985145 -0.1967504 0.59365094 -0.022592463 0.0663609 -0.70801693 -0.18406723 -0.21889155 0.9815618 0.50570947 0.21211793 
不能 -0.055779424 0.002668797 0.032494612 0.19980966 0.4627313 -0.12532733 0.38972428 -0.011610516 0.0028021343 -0.43863368 -0.08954537 -0.18439661 0.7355381 0.29659265 0.207311 
中药 -0.09856418 -0.009113577 -0.002813994 0.28773278 0.6659536 -0.14477013 0.58572435 -0.03021713 0.032989856 -0.65385777 -0.17988297 -0.20897976 1.0232012 0.41183892 0.20124911 
很 -0.15044972 0.029661816 0.05311848 0.4155433 0.78778934 -0.17256433 0.7275932 -0.040874764 0.020714866 -0.7937331 -0.1995004 -0.23880291 1.230968 0.5966582 0.29306534 
反复 -0.15921026 0.021153782 0.060203526 0.32369307 0.6985025 -0.16979338 0.6349594 0.018800536 0.06000841 -0.7611195 -0.20156425 -0.18342362 1.1293513 0.5205461 0.21064761 
是不是 -0.10109728 -0.014975777 0.008879811 0.2435176 0.6475532 -0.099466346 0.50393605 -0.05296939 0.00395189 -0.61099654 -0.15030809 -0.17448357 0.9029237 0.40907 0.18284261 
严重 -0.13467151 0.02481732 0.010547344 0.2861115 0.45037857 -0.14660144 0.48184264 -0.031328853 0.052816484 -0.4895542 -0.12074144 -0.19312741 0.7825364 0.343356 0.16761872 
喝 -0.108137034 0.009736348 -0.0015897792 0.25416064 0.5323748 -0.12788157 0.5075761 -0.022706298 -0.004007121 -0.6191039 -0.13946149 -0.21271822 0.8919253 0.39764395 0.17023957 
治愈 -0.10671803 0.008274642 0.015236203 0.24902001 0.5437242 -0.0842044 0.42379546 -0.011183852 0.0029201375 -0.52095664 -0.13118751 -0.16269718 0.844347 0.3535761 0.20098376 
需要 -0.13188462 0.008239974 0.043322776 0.2492672 0.6095691 -0.13063943 0.5357193 -0.016019916 0.012305246 -0.6415749 -0.12737423 -0.18039516 0.9705446 0.42364258 0.19533835 
引起 -0.09155924 -0.010118905 -0.027180804 0.21035187 0.34546858 -0.14044014 0.386087 -0.015209253 0.01648407 -0.47601596 -0.13379663 -0.16576855 0.6620728 0.32039717 0.12817627 
孩子 -0.10910754 -0.030021163 -0.0036228187 0.28873673 0.6126111 -0.19936694 0.5823191 0.034540303 0.015431809 -0.66827434 -0.13762943 -0.23404633 1.0537661 0.44517666 0.24203593 
效果 -0.13812557 0.06474891 0.0155769205 0.23790371 0.60319245 -0.054638084 0.5313802 -0.060066737 0.05269493 -0.59256417 -0.14000921 -0.14538105 0.91853684 0.43339756 0.20978877 
性 -0.036326073 -0.016959928 0.02220135 0.18347639 0.36099783 -0.09575446 0.364599 0.052939583 0.027219929 -0.4187314 -0.0864342 -0.1671875 0.6751191 0.2899359 0.18652166 
想 -0.09984499 -0.008161047 -0.006275487 0.2227666 0.523339 -0.09651293 0.47819814 -0.08495629 0.021096744 -0.542084 -0.18269137 -0.14671017 0.80234426 0.3778517 0.16165815 
已经 -0.15662488 -0.030928425 0.029398596 0.32363284 0.6781424 -0.14409465 0.5939184 -0.01112255 0.018386902 -0.71320164 -0.14867781 -0.23205896 1.0729423 0.4895613 0.23647176 
住院 -0.14105888 0.028541464 0.008013703 0.2848109 0.6307906 -0.17824009 0.49874657 0.028465847 0.031697307 -0.61682236 -0.1451296 -0.14884724 0.97652864 0.4004913 0.18896045 
出院 -0.08246153 -0.03824869 -0.005536452 0.27106112 0.66537136 -0.11924449 0.5443442 0.026808439 0.06906388 -0.62157 -0.1872822 -0.17564501 1.0467231 0.40527353 0.22949 
一下 -0.18279201 0.0010430926 0.027561234 0.38103807 0.709187 -0.16840486 0.6226259 -0.039491013 0.023249045 -0.75560397 -0.20577304 -0.250522 1.1118063 0.5134653 0.25443387 
化验 -0.08891806 0.051726192 0.032282412 0.36811143 0.6946987 -0.1769591 0.5540392 0.055146966 0.01782585 -0.6892809 -0.20519453 -0.20170775 1.0669923 0.46128574 0.22421068 
激素 -0.1329891 0.029695353 0.03639055 0.26841292 0.6538988 -0.12600821 0.5205256 -0.02774288 0.046814498 -0.64102584 -0.15995504 -0.2175435 0.96952283 0.43906766 0.24968635 
为什么 -0.04963763 -0.0035928416 0.014688183 0.19684845 0.38307384 -0.07296226 0.3250055 -0.02293293 0.035799664 -0.34218112 -0.08838029 -0.1560452 0.6194524 0.23589718 0.13035035 
才 -0.12715545 0.02365387 -0.0069417167 0.2696676 0.41669843 -0.16783011 0.41464862 0.02204068 0.06656899 -0.5127325 -0.12697989 -0.18516509 0.7660118 0.40099928 0.117661424 
很多 -0.15125571 0.005628233 0.008203427 0.35037595 0.6279272 -0.23371375 0.6222509 0.04109588 0.024775935 -0.77604496 -0.16955982 -0.2734762 1.0941402 0.55403394 0.23939532 
点 -0.1468555 0.029540243 0.006466444 0.37882796 0.6887581 -0.2485476 0.6696382 0.050335415 0.017543301 -0.7566006 -0.17695744 -0.23455252 1.1366444 0.53755385 0.24770334 
哪些 -0.051988143 0.022631474 0.011275212 0.09554771 0.26293176 -0.066985615 0.23865473 0.023976963 0.015871169 -0.26151723 -0.093501955 -0.124869466 0.45892942 0.156869 0.12443645 
男 -0.088085815 0.0675962 -0.041998968 0.11351638 -0.28526306 -0.22572605 -0.02671194 0.24061206 0.09881224 -0.25852382 -0.14326249 -0.059437014 0.093516305 0.24836136 -0.06792937 
发现 -0.16507904 0.031429082 -0.012495231 0.3325033 0.5604338 -0.23324707 0.56126994 0.08922114 0.07296967 -0.7088199 -0.21186574 -0.2222714 1.0407469 0.48795897 0.2277952 
年 -0.11977129 -0.009455691 0.00802637 0.2576667 0.44995743 -0.18281133 0.4259532 0.12739238 0.0586941 -0.599268 -0.13105921 -0.17412932 0.78366125 0.43335947 0.12841237 
出 -0.10655337 -0.015846713 -0.033059206 0.39076996 0.7021815 -0.17063911 0.6608469 0.01885502 0.033957057 -0.7110495 -0.15201357 -0.19182375 1.0997694 0.49853688 0.2869702 
尿蛋白 -0.121844046 0.062014382 0.030571908 0.3276074 0.6360762 -0.15384589 0.55152905 0.047039974 0.051920857 -0.6441135 -0.14323519 -0.22928229 1.0456171 0.4132769 0.19651042 
8 -0.14947926 -0.016287735 -0.045857016 0.23007604 0.24771836 -0.23100328 0.31391054 0.14428419 0.081854075 -0.47341806 -0.12509449 -0.17517218 0.59091365 0.39438 0.06826424 
参考值 0.16328429 0.2936765 -0.13912961 0.80539256 1.3999504 -0.7158083 0.6882824 -0.101888955 -0.1744642 -0.94689214 -0.073783025 -0.26090863 2.4340844 0.231685 0.9829537 
天 -0.05600581 0.0030043228 0.046014506 0.24589336 0.58277225 -0.09077716 0.47930157 0.001378142 -0.00619854 -0.53609234 -0.12815441 -0.16076012 0.85012877 0.3324927 0.20284195 
原因 -0.06897197 -0.004378895 -0.032263316 0.14743829 0.24911433 -0.10305265 0.2703697 0.04976236 0.021139922 -0.37062672 -0.075819306 -0.115042396 0.51885194 0.23262943 0.12488317 
彻底 -0.11548271 0.023411265 0.04232531 0.27801526 0.53976387 -0.07022467 0.5256745 -0.021943806 0.0035311016 -0.6111279 -0.18068297 -0.1547603 0.90826815 0.4223492 0.15223294 
希望 -0.1492116 0.036599293 0.03465266 0.3318287 0.5366584 -0.19064698 0.5406577 -0.040083244 0.033405345 -0.6347972 -0.18651317 -0.18143003 0.93386304 0.43246543 0.21623698 
开 -0.0703327 0.007905947 0.0018039393 0.3355006 0.6049613 -0.11250137 0.5546823 -0.01752465 0.0048230058 -0.6305673 -0.17208554 -0.23738566 1.006547 0.4482809 0.2642452 
日 -0.13235013 0.04543615 -0.027781447 0.3602475 0.5853789 -0.3083146 0.5962929 0.17602001 0.07622551 -0.71590734 -0.17986612 -0.22541696 1.0615788 0.5329598 0.20505595 
血小板 -0.037448537 0.06905741 -0.042959698 0.33980143 0.6760052 -0.23977117 0.49797094 -0.04127279 -0.00925751 -0.65655017 -0.15932946 -0.23485117 1.1480926 0.3811632 0.38184056 
不会 -0.0918851 -0.01333904 0.013828204 0.18359491 0.41661784 -0.109431446 0.38130406 -0.028698528 0.029347816 -0.41809317 -0.11941816 -0.15151112 0.6956528 0.31835523 0.16808653 
4 -0.13621461 0.0075096623 0.034004748 0.28889444 0.5712881 -0.19968432 0.5051049 0.07437857 0.020335712 -0.63221836 -0.1406893 -0.19329236 0.97694224 0.4310557 0.17213008 
腿 -0.08425634 -0.055938423 0.002387178 0.20127028 0.42951453 -0.116776235 0.40217787 -0.016502464 0.019518476 -0.5004472 -0.13170595 -0.1485119 0.7718468 0.36874285 0.18680613 
一次 -0.16710359 0.054637264 -0.011658907 0.31922588 0.6494524 -0.15517671 0.5502964 0.025677536 0.055795148 -0.69276077 -0.18047903 -0.22570206 1.0151752 0.4552088 0.24093314 
~ 0.08146232 0.14791365 0.3200832 0.42216897 0.6693496 -0.37474048 0.2572559 0.16308704 -0.13263083 -0.7299849 0.090788804 -0.4223881 0.6681386 0.69732255 0.20245457 
出血点 -0.11523488 -0.017954249 -0.00052879733 0.36716688 0.61789167 -0.18318449 0.56654227 0.02101689 0.057034772 -0.72039515 -0.14841813 -0.26371226 1.1019315 0.49512243 0.24726588 
做 -0.1100044 -0.0032895836 0.018971786 0.28648654 0.5359926 -0.15531503 0.47744215 0.00045005954 0.046421815 -0.59436643 -0.11846087 -0.2003535 0.8385878 0.42271525 0.1806486 
多长时间 -0.053912636 0.027303284 0.008532576 0.24130915 0.57259554 -0.117678456 0.41361263 -0.020781614 0.0043077394 -0.5126216 -0.16836423 -0.11416215 0.8178425 0.3067978 0.19582973 
问题 -0.11028992 0.015512992 0.029618535 0.2896956 0.62258697 -0.07936662 0.4868202 0.018631045 0.022757616 -0.53041893 -0.1465226 -0.15923505 0.9078293 0.33435878 0.17476653 
小红点 -0.10542806 -0.020218737 0.039639223 0.31035742 0.5347998 -0.17747882 0.5612679 0.016542917 0.0057493667 -0.6521432 -0.12365126 -0.18628593 0.8951531 0.45049056 0.19310941 
多久 -0.09092136 -0.010563151 0.004405367 0.25430432 0.54761106 -0.14195019 0.44991225 -0.03728554 0.029435731 -0.57903 -0.13306688 -0.17427367 0.8706863 0.36824283 0.19605888 
皮肤 -0.09708925 -0.011109669 -0.03259595 0.12727359 0.26554963 -0.12923357 0.27438232 0.020069651 0.0039087576 -0.37198535 -0.12172068 -0.107817225 0.4992906 0.2571779 0.06207676 
红点 -0.12894599 -0.0168046 -0.013882363 0.32433936 0.6215864 -0.17424186 0.5583437 0.05278829 0.005622121 -0.65167147 -0.11094849 -0.17164062 0.94723815 0.446151 0.27017146 
尿 -0.07730225 0.04772891 -0.0063632783 0.28763282 0.58281916 -0.22358987 0.44959763 0.015214547 0.0023860617 -0.6053254 -0.16385482 -0.19076826 0.9508131 0.4318089 0.27656603 
小腿 -0.07340823 5.406677e-05 -0.016152864 0.2660492 0.44619235 -0.1721908 0.40826404 0.06524457 0.023480074 -0.48794356 -0.08817446 -0.1148513 0.73237735 0.34137884 0.17245643 
无 -0.08635655 0.11250462 0.048580647 0.12515026 0.42597222 -0.011670494 0.31340465 -0.15527375 -0.01984776 -0.37917012 -0.1694049 -0.051380496 0.6305949 0.27296662 0.07485233 
才能 -0.098958984 -0.020768214 0.0151119465 0.29461566 0.64156765 -0.091203995 0.48510072 -0.06956193 -0.008223133 -0.60071677 -0.17307018 -0.15702672 0.90126264 0.36937213 0.15548547 
怎么办 -0.11042285 0.022099521 0.003855506 0.28238586 0.4763778 -0.11850224 0.45740163 0.009040077 0.05495602 -0.5128216 -0.14385036 -0.13928248 0.83602136 0.36414245 0.19825391 
注意 -0.058791585 0.014242359 -0.0051024323 0.16913523 0.38069314 -0.059748925 0.29205653 -0.040286217 0.00894147 -0.3228435 -0.1004322 -0.10916782 0.55919856 0.25158173 0.12699628 
休息 -0.1517374 -0.015497762 0.0058094934 0.34884956 0.7595308 -0.16114908 0.59461737 -0.033611804 0.03224831 -0.73101795 -0.16389997 -0.2716785 1.1423074 0.46275988 0.23848675 
应该 -0.07145798 0.03606041 -0.0020944923 0.15601148 0.28251237 -0.06612183 0.2495831 -0.01975787 0.00046537453 -0.28989318 -0.069274634 -0.08018356 0.37624097 0.16054097 0.11691382 
片 -0.10881669 0.096153714 0.09585041 0.34461385 0.8925096 -0.008437202 0.63997465 -0.054216485 0.00641629 -0.699388 -0.1298 -0.15681317 1.2232139 0.54519224 0.37625036 
诊断 -0.0965251 -0.027902193 0.014555951 0.23646714 0.44082335 -0.08702246 0.3682174 0.00052688166 0.005767047 -0.42322844 -0.116465755 -0.1650605 0.7201345 0.31593212 0.14706963 
最好 -0.056477215 0.05320261 0.016164834 0.19419517 0.33116847 -0.06590451 0.28963056 0.020602629 0.0044400697 -0.38264567 -0.05314117 -0.0803865 0.53130406 0.20857142 0.10097419 
这种 -0.16177407 5.824351e-05 0.030571245 0.33895692 0.6750974 -0.21186768 0.6153973 0.018986028 0.030137714 -0.74092364 -0.17118163 -0.24538279 1.060856 0.49429074 0.27557445 
中医 -0.053305637 0.025516951 0.019597674 0.22214167 0.47904497 -0.09462786 0.44237703 -0.0119328 0.049452253 -0.4724875 -0.119997434 -0.15003541 0.7497803 0.26352993 0.16392541 
方法 -0.09031085 0.043875467 0.055554025 0.19958185 0.43477905 -0.08145399 0.3862526 -0.0134282475 0.037667636 -0.4626625 -0.073392145 -0.16405198 0.6757473 0.30159914 0.12687773 
药物 -0.1347739 -0.002034589 0.025075296 0.2483977 0.5939996 -0.083312936 0.46467757 -0.025767943 0.02923621 -0.59340155 -0.11405504 -0.15870999 0.90628964 0.35304096 0.14571474 
哪家 -0.026978895 0.06170668 0.013465974 0.18792485 0.25869 -0.06402915 0.2167744 0.016736643 0.0133380145 -0.32164297 -0.03876746 -0.11389124 0.4577174 0.19982664 0.14370887 
感冒 -0.13738783 0.023782618 -0.03424003 0.23797262 0.4057332 -0.16591124 0.37782675 0.021728424 0.0069907117 -0.45675787 -0.16705032 -0.16723183 0.7046919 0.38095734 0.1368088 
1 -0.13357651 0.006899446 0.0016735486 0.22368675 0.35114014 -0.14183949 0.33290434 0.0708867 0.026596356 -0.48852783 -0.14521201 -0.18088761 0.70560545 0.33927292 0.07660927 
遗传 -0.08936686 0.019713286 -0.0074156253 0.12562229 0.35700446 -0.084472746 0.2728924 -0.074540436 -0.031475347 -0.32470816 -0.10077125 -0.06902207 0.534461 0.24365033 0.10623186 
消退 -0.13008189 -0.028030472 0.0007873622 0.29234433 0.60590947 -0.16260876 0.5486106 -0.02976544 0.005243222 -0.6167926 -0.15299068 -0.1870709 0.99823093 0.4507159 0.23774807 
运动 -0.06159098 0.025041655 0.018361254 0.18947485 0.47189528 -0.09597315 0.40870184 -0.057279564 0.018234389 -0.4942324 -0.13048352 -0.14405508 0.7117603 0.3384716 0.16299419 
刚 -0.14025714 0.010627099 -0.007442948 0.29856747 0.5580338 -0.1741808 0.4978317 0.05079672 0.002995208 -0.5977102 -0.12417377 -0.15180579 0.8991382 0.45737946 0.16577166 
吃药 -0.14202137 0.023357378 0.0009944696 0.21806158 0.47518778 -0.13889039 0.3758467 0.037146516 0.03934648 -0.5062812 -0.14857166 -0.1830723 0.739312 0.3762061 0.15520036 
食物 -0.036499646 -0.008809183 0.010402932 0.13727675 0.3980687 -0.025998728 0.29761353 -0.04566301 0.04266882 -0.34486943 -0.100504205 -0.14241739 0.52411795 0.20726082 0.13286507 
请 -0.13708606 0.031561345 0.0053337393 0.3125362 0.5654143 -0.1322731 0.465168 -0.01342249 0.0027842838 -0.61700904 -0.14027822 -0.19583192 0.9032533 0.46657276 0.22318384 
隐血 -0.14195925 0.040716413 0.0045887623 0.37367365 0.77828217 -0.18347779 0.60033673 0.012975897 0.061284 -0.778474 -0.15066159 -0.2821084 1.2272481 0.48799646 0.29044712 
治 -0.09287414 0.039775874 -0.019477362 0.19909689 0.3894118 -0.06223563 0.3352534 0.029599277 -0.015106416 -0.4001184 -0.106585704 -0.10770709 0.6478562 0.2770237 0.13196392 
今年 -0.11736772 0.031015407 0.0033517396 0.29402748 0.51617014 -0.19177176 0.4683867 0.06973667 0.014162867 -0.60765284 -0.13283828 -0.16562189 0.8777548 0.39694905 0.19154067 
住院治疗 -0.13111469 -0.029502017 0.035382606 0.26486605 0.5336461 -0.14145058 0.43360576 -0.0034942438 0.009863694 -0.5142678 -0.13744861 -0.13645174 0.88218975 0.36212975 0.15270461 
6 -0.08657593 -0.0015007354 0.010322676 0.23518929 0.24329828 -0.19463283 0.31626487 0.10893373 0.080546476 -0.41150245 -0.116918184 -0.12135744 0.63313067 0.33913758 0.105853 
后来 -0.13823701 0.02395726 -0.0078007015 0.3408269 0.60605776 -0.16653162 0.5996332 0.04525137 0.03713149 -0.67518115 -0.12984224 -0.18944705 1.0524172 0.48010796 0.19263393 
查 -0.119797744 -0.013761976 -4.9444247e-05 0.3112521 0.6850644 -0.104892224 0.578132 0.0015695378 0.02140032 -0.6226371 -0.16108939 -0.1626861 1.0325615 0.43411443 0.24799411 
真的 -0.13683294 0.006841424 -0.014769141 0.26293966 0.4521611 -0.094758876 0.42070106 0.024718566 0.025719102 -0.50931656 -0.13075764 -0.16603495 0.7203116 0.35563368 0.12587745 
比较 -0.062351275 0.033566296 0.031008907 0.18514822 0.38043317 -0.08589606 0.36071467 0.03652184 0.030597745 -0.42616653 -0.070644006 -0.13100605 0.6166657 0.2344583 0.121090636 
5 -0.114397414 0.033341184 0.029485904 0.2549928 0.4623664 -0.161137 0.4635787 0.07214014 0.044590127 -0.5939682 -0.12517783 -0.1685079 0.8962407 0.3878114 0.21224801 
几天 -0.1267678 0.04618782 0.0034783436 0.2758841 0.51895714 -0.1326294 0.47734335 -0.0046606674 -0.0024131371 -0.6342571 -0.16432407 -0.16220036 0.8690268 0.45899433 0.14078529 
长 -0.16283071 -0.03407741 0.025133142 0.38600245 0.7268825 -0.18356884 0.616253 -0.0075624664 -0.009128223 -0.707323 -0.15491174 -0.24075702 1.1273676 0.45714843 0.28497756 
人 -0.07622659 -0.0017009529 0.039341085 0.20034146 0.4324444 -0.115094066 0.40940502 -0.018550675 0.025316305 -0.4470091 -0.083091274 -0.17608725 0.6898815 0.33620912 0.14760984 
几个 -0.088891566 -0.023485407 -0.014685637 0.27040318 0.52080584 -0.15961768 0.44353977 -0.026250277 0.0058145993 -0.55974483 -0.10640789 -0.13438441 0.84180117 0.3824218 0.19547231 
身上 -0.14530411 0.018343009 -0.03415492 0.29924384 0.5005003 -0.16094212 0.49023503 0.07042259 0.025120482 -0.60177493 -0.17751831 -0.17537658 0.904024 0.3993241 0.18919854 
红细胞 0.029206635 0.12320535 -0.05671753 0.50531256 0.9423806 -0.43202233 0.5382878 -0.024641477 -0.10611899 -0.7340517 -0.11669635 -0.19827697 1.6643571 0.2729618 0.588404 
一周 -0.1328676 -0.014824384 0.011567497 0.32972237 0.622599 -0.20072131 0.5990068 0.0773248 0.010846687 -0.6876472 -0.13907702 -0.22021168 1.055704 0.5237968 0.24266618 
下 -0.15973608 0.032730076 -0.023336703 0.29633707 0.57562006 -0.18249738 0.4977465 0.02158918 0.0198032 -0.622362 -0.13216911 -0.22866502 0.8952611 0.4240866 0.20962104 
感觉 -0.0943277 -0.011977872 0.032914028 0.31919459 0.6310393 -0.11921345 0.5547356 0.011604577 0.04568621 -0.6579455 -0.15977946 -0.205612 0.96894777 0.43423608 0.19664882 
痊愈 -0.09416606 0.006196422 0.018223925 0.3069668 0.5424919 -0.118488096 0.4662954 -0.026384946 -0.002829653 -0.6042225 -0.13121922 -0.1631602 0.8515129 0.3926612 0.19555368 
以后 -0.13686271 0.020435182 0.030680725 0.29403582 0.6118915 -0.13790545 0.5339946 -0.0021721967 0.016659623 -0.6008988 -0.14869724 -0.22644487 0.8965461 0.4006303 0.21604744 
血常规 -0.09846416 0.015919846 0.024535554 0.23484363 0.5075114 -0.1693617 0.4374293 0.009141489 -0.015104366 -0.54801387 -0.17511795 -0.18551241 0.80993706 0.33964512 0.22193943 
大家 -0.13948794 0.014871324 -0.022228133 0.30672038 0.47990516 -0.17031696 0.49073112 0.05077408 0.059600018 -0.5628973 -0.14749698 -0.17102955 0.8458609 0.4308974 0.18807065 
L -0.17485815 0.18647674 -0.17799635 0.28606597 -0.18391305 -0.2991587 0.19611931 0.14843094 0.10693622 -0.6197649 -0.27020466 -0.18472482 0.3706052 0.57860255 -0.03969625 
蛋白 -0.116408445 -0.03432099 0.003703426 0.2355293 0.5547942 -0.13584833 0.46338743 0.046398003 0.054254055 -0.5578231 -0.14680193 -0.16392922 0.8885858 0.36322144 0.17961557 
消失 -0.073164105 -0.011409807 0.016448162 0.21702167 0.5133373 -0.106938094 0.4626605 -0.0075347405 0.04082856 -0.4964329 -0.11609321 -0.16580874 0.8216597 0.35025665 0.19796033 
小孩 -0.08074108 -0.018030195 0.028369512 0.21825978 0.41661876 -0.15974045 0.41333005 0.043991745 0.023142647 -0.5249642 -0.1374373 -0.13244052 0.7308821 0.34385633 0.15743804 
东西 -0.097967036 0.0032979671 -0.007998704 0.1646009 0.40437245 -0.06302684 0.35952038 -0.038102582 0.022544334 -0.40298676 -0.07535694 -0.1642104 0.6173553 0.27970028 0.104830764 
尿检 -0.12480042 0.03357935 0.024093304 0.32373443 0.65745664 -0.18072353 0.50920516 0.027639393 0.02500669 -0.6629868 -0.11514092 -0.18362829 1.0978571 0.40103468 0.25841135 
根治 -0.037001275 -0.009682664 0.0094834 0.19670908 0.3854598 -0.04704546 0.33594188 -0.029715229 -0.012064642 -0.3752233 -0.0635395 -0.112865 0.55830514 0.26111284 0.120262474 
12 -0.07276362 0.008320166 -0.016724328 0.17450556 0.0910038 -0.20756154 0.14551142 0.120711535 0.06265672 -0.3397718 -0.09923812 -0.13033308 0.37021372 0.22027797 0.016493877 
去年 -0.14243813 -0.00598934 -0.023271203 0.22070786 0.47573438 -0.121164806 0.44893265 -0.0056451536 0.061361328 -0.5017202 -0.12301423 -0.18598309 0.78415686 0.3885252 0.16312362 
导致 -0.11311202 -0.001967331 0.0023957537 0.1496927 0.32720652 -0.111477196 0.31169727 -0.05952308 0.032358173 -0.34554777 -0.09001089 -0.10575225 0.57961583 0.27707723 0.09339959 
求 -0.08619652 0.013373043 0.009172796 0.1851606 0.31327063 -0.12622741 0.25249448 0.030109014 -0.016161907 -0.33929694 -0.066425145 -0.115290925 0.45166385 0.24943784 0.093071006 
影响 -0.055027083 0.029408062 -0.0032609564 0.18219936 0.42563576 -0.09352599 0.34630054 -0.033186916 -0.010540282 -0.395415 -0.08211445 -0.16699627 0.64841646 0.26817992 0.15012027 
过敏源 -0.15567732 -0.010959991 -0.0013303586 0.2905324 0.62378895 -0.10066773 0.47289312 0.0003036583 0.05905857 -0.58400244 -0.11603198 -0.18248655 0.97682947 0.38816065 0.24571177 
关系 -0.09821526 0.019606646 0.024253028 0.26808703 0.51221424 -0.15399173 0.4242827 -0.005224738 0.04263341 -0.50199956 -0.15241794 -0.1708448 0.7622973 0.3284581 0.1752447 
发作 -0.14692992 0.0018583677 0.029570794 0.22027625 0.49905542 -0.10541011 0.41333345 0.023411572 0.054201286 -0.5185466 -0.14651996 -0.18983264 0.8357995 0.39481446 0.17969336 
不要 -0.08769668 0.0023852282 -0.013872283 0.22567518 0.47355965 -0.109781675 0.45519447 0.018389268 0.045669142 -0.5279375 -0.13584268 -0.15173782 0.77506214 0.40681604 0.1682652 
服用 -0.07760931 -0.007482211 0.02677534 0.2387246 0.6452707 -0.10782862 0.4757019 -0.029774008 0.044131413 -0.600037 -0.118487366 -0.19160895 0.95410085 0.38357887 0.22053453 
不是 -0.14866921 0.019565364 0.0104661295 0.33206856 0.6023826 -0.14227603 0.5967003 -0.010711126 0.031917743 -0.6690599 -0.18837331 -0.25219497 1.0665177 0.48049957 0.2673745 
腹痛 -0.06325693 0.021240769 -0.008425989 0.22679749 0.47750875 -0.12616493 0.46193904 0.063569635 0.044962842 -0.5339351 -0.1285978 -0.15324874 0.8270553 0.3515086 0.21524134 
有没有 -0.12613432 -0.0020468638 -0.0013811804 0.2163624 0.39583522 -0.12726526 0.35681322 -0.02123117 -0.0066048885 -0.473396 -0.11702507 -0.1698623 0.7015365 0.3442072 0.16161689 
西药 -0.088753566 0.028323812 -0.01131224 0.21167615 0.4445846 -0.14393866 0.38718912 0.04709365 0.0040738126 -0.49511465 -0.09165731 -0.15489453 0.6978113 0.32862586 0.115201764 
24 -0.07359435 0.03136872 -0.01452589 0.08872834 0.08033865 -0.17285919 0.17205243 0.08894037 0.067260355 -0.2969421 -0.06809646 -0.057980012 0.32711858 0.19100823 0.05376516 
